0:14 71 30 15 59 27 61 17 115 60
0:0 1 2 3 4 5 6 7 8 9
0:115 30 15 61 71 6 14 23 27 17
0:0 1 2 3 4 5 6 7 8 9
0:30 115 27 17 71 14 23 28 15 286
0:6 115 2 59 61 286 23 60 314 39
0:115 286 27 23 17 30 6 15 61 28
0:14 17 30 28 71 27 70 23 8 15
1:115 17 27 30 23 286 28 71 14 15
0:0 1 2 3 4 5 6 7 8 9
0:14 30 27 15 71 17 61 59 23 60
0:6 115 2 314 39 59 286 93 405 54
0:115 59 15 27 6 30 61 23 60 286
0:6 314 115 39 405 2 240 1324 957 286
0:15 115 71 59 27 30 23 286 14 61
0:14 30 71 27 15 17 28 23 115 61
0:14 30 17 71 27 23 15 61 115 138
0:59 71 15 30 14 97 27 61 60 12
0:2 6 59 45 111 297 60 314 122 61
0:14 30 71 15 27 59 17 115 23 61
0:14 30 17 71 27 28 15 23 115 286
0:14 71 30 17 15 27 28 47 23 115
0:115 15 27 30 14 71 23 17 286 59
0:14 71 30 28 17 27 15 47 70 8
1:115 17 30 23 27 286 14 15 61 6
0:0 1 2 3 4 5 6 7 8 9
1:6 115 51 54 12 286 23 314 952 27
0:115 286 27 23 15 17 30 28 61 71
0:14 30 71 15 27 17 115 59 23 28
0:0 1 2 3 4 5 6 7 8 9
1:27 30 28 17 23 115 71 14 286 15
0:14 30 71 17 28 27 15 23 115 286
0:14 30 71 15 27 115 61 23 59 17
0:14 71 30 15 27 17 59 61 28 23
1:59 15 71 30 14 27 115 61 60 23
0:0 1 2 3 4 5 6 7 8 9
0:0 1 2 3 4 5 6 7 8 9
0:14 71 30 15 27 59 61 17 60 23
0:14 30 27 17 115 15 71 23 286 28
0:0 1 2 3 4 5 6 7 8 9
0:0 1 2 3 4 5 6 7 8 9
0:14 71 30 27 15 17 61 115 23 59
0:28 14 17 30 27 71 286 23 115 47
0:6 115 286 23 39 2 17 27 61 53
0:0 1 2 3 4 5 6 7 8 9
0:0 1 2 3 4 5 6 7 8 9
0:14 30 71 17 28 27 15 70 23 47
0:17 14 27 30 115 23 286 28 71 15
0:14 71 30 28 17 27 15 23 47 70
0:59 115 6 15 27 30 71 61 23 60
0:14 30 17 27 15 115 71 23 61 286
0:14 28 17 30 27 71 23 115 286 15
0:14 17 28 30 27 23 286 115 71 15
0:59 15 115 30 71 27 61 14 23 60
0:30 27 115 23 15 14 6 17 61 286
0:14 30 71 15 17 27 28 59 70 47
0:14 30 71 17 27 15 28 115 23 286
1:14 30 17 28 71 8 70 27 15 47
0:59 71 97 290 15 916 60 48 45 102
0:0 1 2 3 4 5 6 7 8 9
0:14 17 30 28 27 70 71 23 286 8
0:6 115 2 23 286 61 17 27 60 30
0:14 30 28 71 17 27 15 70 47 23
1:115 15 27 286 23 17 30 59 61 6
0:14 30 15 71 27 115 17 23 59 61
0:115 15 71 30 27 23 61 60 17 286
0:14 17 30 70 8 71 27 28 138 23
0:0 1 2 3 4 5 6 7 8 9
0:0 1 2 3 4 5 6 7 8 9
0:0 1 2 3 4 5 6 7 8 9
0:71 14 59 30 15 27 61 115 17 23
0:14 30 71 27 15 17 61 23 115 286
0:14 17 30 71 28 27 70 8 23 15
0:115 59 15 27 286 6 23 61 60 30
0:115 27 15 286 17 30 23 71 61 59
0:14 30 71 15 17 115 27 23 59 61
0:59 15 30 27 71 14 115 23 17 61
0:115 286 27 15 23 17 59 30 6 61
0:115 17 286 27 23 28 30 71 15 14
0:59 6 30 12 15 27 61 115 60 23
0:15 115 27 30 71 14 59 17 23 286
1:59 290 359 97 521 45 6 239 122 2
0:14 71 30 15 17 27 70 8 28 47
0:0 1 2 3 4 5 6 7 8 9
0:14 17 28 30 27 71 15 115 23 286
0:0 1 2 3 4 5 6 7 8 9
0:0 1 2 3 4 5 6 7 8 9
0:59 71 15 30 14 27 12 61 115 60
0:115 6 286 23 15 27 59 61 30 17
0:30 14 27 28 15 115 71 17 23 286
0:59 115 15 6 60 61 27 30 71 23
0:59 15 115 27 71 30 61 286 23 12
0:30 14 71 27 15 17 115 23 28 59
0:0 1 2 3 4 5 6 7 8 9
1:14 30 71 17 27 15 28 70 23 47
1:14 28 30 71 27 17 23 15 286 47
0:14 30 28 71 27 17 15 47 23 70
0:115 59 6 2 61 15 60 286 23 27
0:0 1 2 3 4 5 6 7 8 9
0:0 1 2 3 4 5 6 7 8 9
0:0 1 2 3 4 5 6 7 8 9
1:6 2 59 115 61 314 12 239 286 60
0:6 115 2 286 23 61 39 314 27 60
0:14 28 17 71 30 27 15 115 286 47
0:30 27 23 59 115 71 15 14 6 61
0:0 1 2 3 4 5 6 7 8 9
0:14 30 71 27 17 15 115 23 28 61
0:14 30 71 15 27 17 61 23 59 115
0:14 30 71 27 15 17 28 59 23 61
0:71 14 30 15 27 28 59 17 115 23
0:115 14 15 27 17 30 28 71 23 286
0:59 6 15 71 61 115 2 60 30 12
0:0 1 2 3 4 5 6 7 8 9
0:0 1 2 3 4 5 6 7 8 9
0:0 1 2 3 4 5 6 7 8 9
0:14 71 30 17 27 15 115 23 61 28
0:6 115 23 286 27 17 61 30 12 28
0:27 115 30 6 23 17 286 61 15 14
0:0 1 2 3 4 5 6 7 8 9
0:59 30 71 15 27 6 61 115 14 60
1:115 6 286 27 23 59 15 61 17 12
0:30 115 17 27 14 23 286 15 71 28
0:30 14 71 27 15 17 115 61 23 59
0:0 1 2 3 4 5 6 7 8 9
0:14 71 30 8 17 28 70 15 27 145
0:6 115 2 39 286 23 314 61 60 17
0:59 15 30 115 27 6 60 61 71 97
0:14 17 30 28 27 71 70 23 15 286
0:0 1 2 3 4 5 6 7 8 9
0:115 6 59 51 286 93 12 54 27 314
0:59 115 15 6 27 30 61 71 23 60
0:0 1 2 3 4 5 6 7 8 9
0:14 71 30 15 59 27 17 28 61 115
1:28 17 14 71 27 30 286 23 43 47
0:14 30 17 28 27 71 23 15 286 115
0:115 6 286 23 27 15 12 61 30 59
0:0 1 2 3 4 5 6 7 8 9
0:14 30 17 71 28 27 70 8 15 47
0:59 115 12 15 27 6 286 23 93 51
1:6 2 115 59 60 61 314 39 7 23
1:115 15 27 30 286 23 59 61 71 17
0:0 1 2 3 4 5 6 7 8 9
1:115 59 15 30 6 27 61 71 23 60
0:30 14 71 15 27 61 17 59 23 115
1:14 17 30 70 27 23 286 8 138 28
0:0 1 2 3 4 5 6 7 8 9
0:115 286 27 23 17 6 30 15 53 61
0:6 115 2 61 23 286 60 27 17 30
1:115 15 59 61 6 27 30 60 23 14
0:0 1 2 3 4 5 6 7 8 9
0:14 30 17 71 27 28 15 70 23 47
0:14 71 28 30 15 27 17 47 115 59
0:30 15 14 71 27 115 59 17 61 23
0:0 1 2 3 4 5 6 7 8 9
0:115 59 6 15 61 60 286 23 27 54
0:59 115 15 6 60 61 27 71 12 23
0:14 71 30 15 17 27 28 47 59 138
1:115 59 6 27 15 23 30 286 61 60
1:6 59 2 115 61 60 23 15 30 12
0:17 30 14 27 23 71 28 6 61 286
0:14 28 71 17 30 27 43 70 8 47
0:30 27 115 15 14 61 17 23 6 286
0:6 2 59 60 61 15 115 97 239 7
0:59 6 2 115 60 61 97 15 239 314
1:17 115 30 23 14 286 27 28 71 61
0:59 71 15 30 14 27 61 115 60 23
0:0 1 2 3 4 5 6 7 8 9
0:115 27 15 30 14 23 6 61 17 286
0:30 14 27 71 28 17 15 23 61 286
0:0 1 2 3 4 5 6 7 8 9
0:30 14 27 71 17 15 23 115 61 286
0:0 1 2 3 4 5 6 7 8 9
0:0 1 2 3 4 5 6 7 8 9
0:6 115 2 59 61 60 314 23 39 54
0:0 1 2 3 4 5 6 7 8 9
0:14 30 71 28 17 27 15 23 286 115
0:115 28 286 23 27 17 30 15 71 47
0:0 1 2 3 4 5 6 7 8 9
0:115 15 30 27 59 61 6 23 14 60
0:0 1 2 3 4 5 6 7 8 9
0:115 59 15 27 286 6 23 61 30 60
0:6 115 59 15 286 61 12 60 2 23
0:0 1 2 3 4 5 6 7 8 9
0:0 1 2 3 4 5 6 7 8 9
0:6 2 59 314 60 115 39 61 45 7
0:17 30 14 115 27 23 286 15 61 71
0:14 17 30 27 28 286 23 70 71 115
0:115 27 286 23 30 6 15 59 61 17
0:14 71 30 15 27 17 115 28 23 286
0:17 28 286 115 23 27 30 14 71 15
0:0 1 2 3 4 5 6 7 8 9
0:59 115 71 15 30 61 6 60 27 23
0:14 30 17 71 27 28 15 23 70 115
0:0 1 2 3 4 5 6 7 8 9
0:14 30 71 17 27 15 28 23 61 70
0:14 28 71 30 27 17 15 47 23 286
0:14 71 15 30 59 27 61 115 60 17
0:0 1 2 3 4 5 6 7 8 9
0:115 6 286 2 61 23 60 15 27 59
0:0 1 2 3 4 5 6 7 8 9
0:6 2 59 314 115 60 39 61 54 7
0:115 59 15 30 6 61 71 27 60 23
0:59 6 97 2 60 15 61 45 115 239
2:30 27 6 115 23 15 14 61 59 17
0:17 14 30 28 286 27 23 115 71 70
0:14 30 71 28 27 17 15 23 47 70
0:14 17 30 27 28 71 23 70 286 115
0:28 115 286 27 17 23 30 71 15 47
0:0 1 2 3 4 5 6 7 8 9
0:15 115 30 59 71 27 61 6 14 23
0:59 115 15 6 71 61 27 60 286 30
0:6 115 59 61 15 2 60 23 30 27
0:0 1 2 3 4 5 6 7 8 9
0:0 1 2 3 4 5 6 7 8 9
0:59 30 71 15 61 27 6 115 14 60
0:30 115 27 15 14 71 17 23 286 28
0:0 1 2 3 4 5 6 7 8 9
0:115 15 59 6 30 27 61 23 71 286
0:14 30 17 28 27 70 71 23 8 47
0:0 1 2 3 4 5 6 7 8 9
0:59 6 2 115 60 15 97 61 239 45
0:0 1 2 3 4 5 6 7 8 9
0:0 1 2 3 4 5 6 7 8 9
0:14 30 71 17 27 15 23 115 28 61
0:28 30 27 14 17 23 115 71 286 15
0:30 27 6 115 23 15 61 286 14 17
0:14 17 30 8 28 70 71 27 138 47
0:0 1 2 3 4 5 6 7 8 9
0:14 30 17 71 27 15 23 28 115 61
0:30 14 27 59 15 71 61 23 17 12
0:14 30 71 15 27 17 28 59 23 115
0:14 71 30 15 27 59 17 61 28 115
0:0 1 2 3 4 5 6 7 8 9
0:14 30 17 27 28 71 23 15 286 115
0:30 14 71 27 17 61 6 15 23 59
0:0 1 2 3 4 5 6 7 8 9
0:59 15 115 30 27 61 71 60 6 23
0:59 15 115 71 30 27 6 61 60 23
0:0 1 2 3 4 5 6 7 8 9
0:14 30 71 27 28 15 17 23 47 115
0:28 17 14 71 30 27 23 286 115 70
0:0 1 2 3 4 5 6 7 8 9
0:115 27 23 28 286 6 30 17 12 61
0:59 6 2 60 97 61 45 115 15 239
0:115 6 27 286 59 23 15 61 30 12
0:0 1 2 3 4 5 6 7 8 9
0:15 14 71 30 27 115 61 59 17 23
0:0 1 2 3 4 5 6 7 8 9
0:71 15 115 27 30 59 14 28 23 17
0:115 27 17 286 15 23 30 14 28 61
0:115 15 30 14 27 59 71 61 17 23
1:14 30 28 71 17 27 15 115 23 286
0:14 30 71 27 15 17 115 23 28 61
1:115 286 27 15 23 6 17 53 59 61
0:115 286 17 23 27 6 53 61 30 28
1:115 6 15 59 27 61 23 30 60 286
0:30 115 27 15 17 14 23 286 61 71
1:115 6 286 23 27 17 53 61 54 12
0:14 30 17 71 27 28 15 23 70 138
1:59 71 15 30 115 27 14 28 61 23
0:14 17 30 28 27 71 23 286 115 70
0:0 1 2 3 4 5 6 7 8 9
0:0 1 2 3 4 5 6 7 8 9
0:0 1 2 3 4 5 6 7 8 9
0:71 15 115 30 27 14 59 17 23 28
0:0 1 2 3 4 5 6 7 8 9
0:14 15 30 59 71 27 17 61 115 47
0:0 1 2 3 4 5 6 7 8 9
0:30 14 115 15 27 71 17 23 61 286
0:0 1 2 3 4 5 6 7 8 9
0:115 59 6 15 27 286 61 23 60 12
0:59 15 30 6 71 27 61 115 60 23
0:115 286 15 23 27 6 59 30 61 60
0:14 28 71 30 17 27 15 115 47 23
1:14 30 15 27 71 115 17 286 23 28
0:0 1 2 3 4 5 6 7 8 9
0:71 28 14 30 17 27 23 15 286 115
0:0 1 2 3 4 5 6 7 8 9
0:0 1 2 3 4 5 6 7 8 9
0:0 1 2 3 4 5 6 7 8 9
0:6 115 2 23 61 286 27 60 17 30
0:14 30 17 27 15 115 71 23 286 28
0:71 30 14 15 27 59 115 17 23 61
0:30 71 14 27 28 17 15 23 115 286
0:30 71 27 59 15 14 61 12 23 28
0:0 1 2 3 4 5 6 7 8 9
0:14 17 30 27 23 286 28 115 71 15
0:14 71 30 15 27 17 115 28 59 23
0:30 27 115 15 71 14 23 59 28 17
0:14 8 30 70 71 17 28 145 138 27
0:14 30 17 28 27 71 23 15 286 115
0:59 115 15 30 71 27 61 23 12 60
0:14 30 17 27 15 71 115 28 23 286
0:14 30 71 17 27 15 28 23 70 47
0:30 27 14 71 15 17 28 286 23 115
0:6 59 115 27 30 61 12 23 15 71
0:115 6 23 15 286 61 27 30 17 59
0:0 1 2 3 4 5 6 7 8 9
0:14 30 71 17 115 27 15 23 28 286
1:71 14 30 17 28 15 27 23 115 61
0:59 15 71 30 61 115 27 14 60 6
0:59 71 6 12 15 30 97 61 2 60
0:59 6 115 15 61 60 2 27 23 12
0:14 30 71 27 17 15 28 115 23 286
0:14 8 70 17 30 28 71 138 43 27
0:0 1 2 3 4 5 6 7 8 9
0:14 30 71 17 28 27 15 23 70 47
0:0 1 2 3 4 5 6 7 8 9
0:0 1 2 3 4 5 6 7 8 9
0:14 30 15 71 27 59 17 115 61 23
0:14 30 71 15 27 17 28 59 115 23
0:0 1 2 3 4 5 6 7 8 9
0:0 1 2 3 4 5 6 7 8 9
0:28 17 14 30 27 23 115 286 71 70
0:30 27 15 61 6 115 14 23 71 286
0:0 1 2 3 4 5 6 7 8 9
0:71 14 30 15 27 59 115 17 61 23
0:30 14 17 27 71 28 23 15 115 286
0:71 30 28 14 27 15 17 115 23 286
0:14 30 71 27 17 15 28 23 47 115
0:0 1 2 3 4 5 6 7 8 9
0:14 15 71 30 27 115 17 61 59 23
0:59 6 46 12 2 81 239 71 0 61
0:0 1 2 3 4 5 6 7 8 9
0:15 115 27 59 30 71 23 14 286 61
0:28 71 30 14 27 17 23 47 15 286
0:115 17 30 23 27 286 14 15 61 71
0:115 6 314 2 59 286 54 39 51 61
1:115 6 286 23 27 59 15 61 30 12
0:30 115 27 14 71 15 17 23 286 61
0:59 15 115 27 30 60 71 61 6 12
0:0 1 2 3 4 5 6 7 8 9
0:59 6 60 2 97 15 61 239 115 71
0:14 71 30 17 15 28 8 27 70 138
0:115 6 286 952 23 938 93 314 51 12
1:59 290 97 45 15 60 71 102 48 239
1:14 30 71 17 15 27 28 70 138 23
0:14 30 15 71 27 17 115 59 23 61
1:30 115 27 71 17 15 23 14 286 28
0:30 27 14 71 6 61 59 15 23 12
2:30 14 17 27 71 28 15 23 115 286
0:17 286 115 23 27 30 14 28 53 61
0:115 286 6 23 53 27 17 61 54 60
0:14 30 71 17 15 27 23 61 28 70
0:14 30 17 71 28 27 70 23 15 138
0:14 17 30 28 27 115 71 286 23 15
0:0 1 2 3 4 5 6 7 8 9
0:14 71 30 28 17 27 70 8 15 47
0:115 286 17 23 27 6 30 61 53 15
0:14 71 30 28 17 27 15 47 23 138
0:0 1 2 3 4 5 6 7 8 9
0:0 1 2 3 4 5 6 7 8 9
0:71 14 30 15 27 59 28 17 47 61
0:30 115 27 23 17 15 14 28 286 71
0:14 71 30 15 59 27 47 28 17 61
0:59 6 15 60 115 97 61 2 71 27
0:30 71 15 14 59 27 115 61 23 17
0:14 30 71 27 17 28 15 23 47 70
0:115 6 30 23 61 27 59 15 71 286
0:0 1 2 3 4 5 6 7 8 9
0:59 115 15 6 27 30 61 23 60 286
0:14 71 30 15 27 17 28 115 23 286
0:14 30 71 17 27 28 15 115 23 47
0:0 1 2 3 4 5 6 7 8 9
0:15 115 30 59 27 61 14 23 6 60
0:6 115 59 61 15 27 23 2 30 286
0:0 1 2 3 4 5 6 7 8 9
0:14 71 30 15 27 17 28 47 138 23
0:115 28 286 27 23 30 17 15 71 14
0:6 115 61 30 59 27 15 23 2 60
0:14 71 30 15 27 17 28 59 47 23
1:59 115 15 30 61 6 71 60 27 23
0:14 30 71 17 27 15 28 115 23 286
0:14 71 30 15 27 17 28 23 115 59
1:14 30 17 71 61 27 115 15 23 6
0:0 1 2 3 4 5 6 7 8 9
0:14 17 30 71 8 70 27 28 138 15
0:30 14 71 17 15 27 115 61 23 60
0:0 1 2 3 4 5 6 7 8 9
0:0 1 2 3 4 5 6 7 8 9
0:0 1 2 3 4 5 6 7 8 9
0:0 1 2 3 4 5 6 7 8 9
0:14 30 71 17 27 15 28 115 23 286
0:0 1 2 3 4 5 6 7 8 9
0:28 14 71 30 17 27 47 70 15 23
0:115 27 15 286 23 59 30 71 6 61
0:14 30 17 71 27 28 23 15 286 70
0:30 59 71 6 15 27 61 115 23 14
0:115 6 286 27 23 15 61 59 17 30
0:71 14 30 15 27 28 17 59 115 47
0:14 30 71 27 17 15 28 23 286 115
0:115 30 17 27 23 14 15 61 6 286
0:59 15 115 6 60 61 71 30 97 27
0:115 17 30 27 23 286 71 14 28 15
0:0 1 2 3 4 5 6 7 8 9
0:59 115 15 27 30 23 286 61 71 6
0:14 30 71 17 28 27 15 70 23 47
0:0 1 2 3 4 5 6 7 8 9
0:14 30 71 15 17 27 28 70 47 8
0:14 28 71 17 30 27 15 286 23 47
0:6 115 2 59 60 61 15 286 23 314
0:115 6 27 286 23 61 15 30 12 59
1:115 6 286 15 27 23 61 59 60 30
0:30 14 27 17 71 28 23 15 115 286
0:14 30 71 15 27 17 28 47 115 23
0:6 39 115 2 286 23 61 314 17 53
0:30 14 71 27 17 28 61 23 15 12
0:6 115 314 51 41 359 957 405 240 540
0:71 30 59 15 27 14 61 115 23 28
0:14 71 30 15 27 59 17 61 115 23
0:14 30 71 15 27 17 8 70 28 59
0:0 1 2 3 4 5 6 7 8 9
0:0 1 2 3 4 5 6 7 8 9
0:0 1 2 3 4 5 6 7 8 9
0:0 1 2 3 4 5 6 7 8 9
0:59 15 115 71 27 61 60 30 14 6
0:0 1 2 3 4 5 6 7 8 9
0:0 1 2 3 4 5 6 7 8 9
1:17 115 286 27 23 30 14 28 15 71
0:0 1 2 3 4 5 6 7 8 9
0:115 27 59 15 286 23 6 30 17 61
0:0 1 2 3 4 5 6 7 8 9
0:14 71 30 15 27 17 59 28 61 138
0:30 71 15 14 59 27 115 61 17 23
0:0 1 2 3 4 5 6 7 8 9
0:14 15 71 30 59 27 17 47 115 61
0:14 71 30 15 27 17 28 61 59 23
0:28 14 17 27 30 71 286 23 115 15
0:14 17 30 28 27 71 70 23 115 286
1:14 30 71 17 27 15 28 23 115 286
0:71 28 14 30 17 27 47 70 15 43
0:0 1 2 3 4 5 6 7 8 9
0:0 1 2 3 4 5 6 7 8 9
0:14 30 71 27 15 28 17 59 23 47
0:0 1 2 3 4 5 6 7 8 9
0:17 14 30 115 23 27 286 71 61 15
0:71 15 27 115 30 28 14 286 23 17
2:59 71 15 61 30 60 2 6 14 97
0:115 6 27 23 286 15 30 61 59 12
0:115 15 27 23 30 17 286 71 61 60
0:115 15 6 59 30 61 27 60 23 71
0:30 71 14 27 17 28 15 61 23 59
0:30 14 17 27 28 71 23 115 286 15
0:59 30 71 15 6 27 61 12 60 115
0:115 6 23 27 15 61 30 286 59 60
0:0 1 2 3 4 5 6 7 8 9
0:0 1 2 3 4 5 6 7 8 9
0:0 1 2 3 4 5 6 7 8 9
0:0 1 2 3 4 5 6 7 8 9
0:14 71 30 15 27 59 17 61 115 23
1:115 6 59 286 15 23 61 27 2 60
0:115 6 286 51 54 23 59 27 314 93
0:14 28 71 30 27 17 47 15 43 23
0:2 6 405 39 359 314 297 898 1324 126
0:15 59 6 61 115 30 60 71 2 27
0:0 1 2 3 4 5 6 7 8 9
0:115 6 59 15 27 286 23 61 54 60
0:14 71 30 28 15 27 17 115 23 47
0:14 30 71 17 28 27 15 70 23 47
0:0 1 2 3 4 5 6 7 8 9
0:0 1 2 3 4 5 6 7 8 9
0:0 1 2 3 4 5 6 7 8 9
0:59 15 115 6 27 30 71 61 60 23
0:59 6 2 61 239 115 60 12 15 97
0:14 30 71 28 27 17 15 23 115 286
0:14 30 71 28 27 17 15 70 47 23
0:59 28 115 12 27 23 30 286 6 15
1:115 6 286 23 27 61 2 59 60 15
0:6 115 2 314 59 405 39 359 126 60
0:59 15 30 71 61 60 115 27 6 14
0:14 30 17 71 28 27 23 115 15 286
0:6 115 2 314 59 60 39 61 286 23
0:30 27 14 115 71 15 17 23 61 59
0:115 59 27 15 28 30 286 23 12 71
0:14 17 30 28 27 71 23 286 70 15
0:14 30 27 15 17 71 115 28 23 286
0:14 30 71 17 27 15 28 70 47 23
0:17 14 30 28 27 23 70 71 286 115
0:0 1 2 3 4 5 6 7 8 9
1:59 6 115 15 61 27 60 23 286 12
0:14 17 28 30 71 27 23 70 286 15
1:15 59 27 115 30 61 71 286 23 6
0:30 15 115 27 59 71 14 17 23 28
0:14 30 27 17 71 28 15 23 115 286
0:71 30 14 27 15 59 28 17 61 23
0:14 30 28 17 27 71 70 15 47 8
0:15 115 71 27 59 30 286 14 23 28
0:14 71 30 28 15 27 17 59 47 23
0:115 6 30 61 27 17 23 15 71 286
1:115 6 286 23 27 15 59 61 12 54
0:59 15 71 97 30 14 60 115 27 61
0:115 30 15 27 23 71 17 61 6 59
0:71 30 14 27 115 28 17 15 23 286
0:14 30 71 28 17 27 15 70 8 47
1:71 14 30 15 27 59 17 28 115 61
0:59 6 2 61 60 71 15 30 115 97
0:0 1 2 3 4 5 6 7 8 9
0:71 30 27 28 14 115 17 23 286 15
0:6 2 115 39 61 286 23 314 60 22
1:115 6 59 15 27 30 23 61 286 60
0:14 71 30 17 15 27 61 23 115 138
0:115 6 51 286 314 93 54 23 938 39
0:15 71 30 59 14 115 27 61 60 17
0:30 59 15 14 27 71 61 6 60 115
0:14 30 71 27 28 17 15 23 115 286
1:115 6 286 23 2 61 27 59 12 60
0:6 115 27 286 23 61 59 12 15 60
0:14 30 17 27 71 15 23 115 61 286
0:14 17 30 71 28 8 70 27 15 47
0:59 93 115 6 12 51 286 54 938 27
0:14 71 30 15 27 17 59 61 28 23
0:0 1 2 3 4 5 6 7 8 9
0:0 1 2 3 4 5 6 7 8 9
0:115 6 59 15 286 61 27 23 60 2
0:27 30 14 28 71 15 17 115 59 23
0:17 30 27 115 23 6 28 286 14 61
0:30 14 71 15 27 59 17 115 23 61
0:59 80 6 521 2 81 12 239 313 290
0:6 115 286 2 23 39 61 314 27 54
1:115 59 6 15 23 286 60 61 27 30
0:115 6 286 59 15 27 23 61 60 12
0:14 30 71 17 28 27 15 115 23 47
0:59 15 115 6 30 71 61 27 60 23
0:30 27 14 15 115 71 17 23 286 59
0:30 14 27 71 17 15 28 23 115 286
0:14 17 30 27 23 28 286 70 115 71
0:115 15 27 23 286 30 59 71 6 61
0:115 6 59 27 23 61 15 286 30 12
0:28 17 286 27 30 23 14 115 70 47
0:14 28 71 30 27 15 59 17 47 70
0:14 30 17 15 27 71 115 23 61 286
0:14 30 71 15 27 59 17 28 23 115
0:30 115 27 71 15 14 17 23 61 286
0:14 71 30 15 27 17 59 28 23 61
1:115 286 23 27 6 15 17 30 61 59
0:115 59 15 27 23 286 6 71 30 28
1:14 30 71 17 27 15 28 23 115 47
1:14 30 17 71 27 15 28 23 70 115
0:0 1 2 3 4 5 6 7 8 9
0:115 30 27 15 23 71 17 286 14 61
0:14 17 30 28 27 23 115 286 71 15
0:6 17 115 30 23 61 27 286 14 2
0:30 115 27 23 286 28 15 17 71 61
0:30 71 14 27 59 6 61 12 15 28
0:14 17 30 28 27 71 23 115 286 70
0:59 15 30 115 27 71 14 61 60 23
0:71 30 14 27 15 28 115 17 23 59
0:17 14 30 27 115 23 28 286 71 15
0:0 1 2 3 4 5 6 7 8 9
0:14 30 17 28 71 27 15 23 115 286
0:14 17 71 30 115 27 23 15 286 28
0:0 1 2 3 4 5 6 7 8 9
0:14 71 30 15 27 28 17 59 115 47
0:59 115 15 27 30 71 23 61 6 286
0:0 1 2 3 4 5 6 7 8 9
0:14 17 30 8 70 71 28 27 138 15
0:0 1 2 3 4 5 6 7 8 9
0:27 30 15 6 115 23 71 61 17 59
0:0 1 2 3 4 5 6 7 8 9
0:14 30 17 71 15 27 28 23 70 138
0:14 30 71 17 28 27 70 15 8 47
1:30 28 71 27 14 17 115 23 15 286
0:0 1 2 3 4 5 6 7 8 9
1:71 14 15 30 59 27 17 115 28 61
1:14 71 30 15 27 17 59 28 115 23
0:115 6 286 59 27 15 61 23 60 12
0:14 30 27 17 28 71 23 115 15 286
0:59 115 15 27 30 6 61 23 60 286
0:6 59 2 115 61 60 15 27 23 30
0:17 115 30 27 14 23 286 71 15 28
0:14 30 28 17 27 71 23 15 115 286
0:0 1 2 3 4 5 6 7 8 9
1:14 30 17 71 28 27 70 23 15 138
0:30 17 27 115 14 286 23 71 28 15
0:14 30 71 27 15 17 28 23 115 61
0:115 6 286 23 17 27 61 30 53 15
0:115 27 286 23 30 15 17 6 71 61
0:28 14 71 17 30 27 70 43 47 23
0:14 28 30 71 27 17 15 115 286 23
0:14 30 15 27 71 59 17 23 115 28
0:6 314 405 1324 115 39 2 126 359 240
0:28 14 71 30 17 27 47 23 70 15
0:71 30 14 15 59 27 61 115 17 60
0:14 30 17 27 71 15 28 23 115 286
0:71 15 30 59 14 27 115 61 17 23
0:0 1 2 3 4 5 6 7 8 9
0:14 30 15 71 27 17 28 115 59 23
0:15 115 59 27 71 30 61 286 23 60
0:0 1 2 3 4 5 6 7 8 9
0:6 59 115 2 61 60 15 23 27 286
0:14 28 71 30 17 27 15 23 115 286
0:30 115 14 15 71 17 27 23 61 286
0:115 27 30 15 14 23 71 17 61 286
0:0 1 2 3 4 5 6 7 8 9
0:14 30 27 17 15 71 28 23 115 286
0:0 1 2 3 4 5 6 7 8 9
1:14 30 71 27 15 17 28 23 115 61
0:115 6 286 23 17 27 61 15 30 60
0:115 6 286 23 27 61 17 53 15 60
0:14 71 30 15 27 28 17 47 23 61
0:59 6 30 15 61 27 71 115 60 14
0:14 30 71 15 27 17 115 23 286 61
0:14 28 30 17 71 27 70 23 15 47
0:14 17 30 71 15 27 23 115 28 286
0:115 286 17 23 27 6 53 30 28 61
0:14 30 71 17 27 15 61 23 28 115
0:0 1 2 3 4 5 6 7 8 9
0:115 6 27 23 286 61 30 15 17 60
0:14 71 30 15 17 27 61 59 138 23
0:115 6 286 23 2 61 39 27 17 60
0:59 15 115 71 27 30 23 28 14 286
0:0 1 2 3 4 5 6 7 8 9
0:115 6 59 15 27 61 23 60 286 30
1:59 14 15 71 30 27 61 115 60 47
0:0 1 2 3 4 5 6 7 8 9
0:6 115 23 2 286 61 27 60 54 59
0:14 71 30 15 59 27 17 61 28 138
1:14 30 71 15 17 27 70 61 138 59
1:28 30 27 71 115 23 59 17 286 14
0:14 30 71 17 27 15 115 23 28 61
0:115 17 6 286 23 30 27 61 15 14
0:14 71 30 27 28 17 15 115 23 286
0:30 17 14 27 115 71 28 23 15 286
1:14 28 17 30 27 71 115 15 23 286
1:17 14 28 27 30 286 71 23 115 70
0:17 115 286 23 27 53 30 14 28 6
0:115 59 15 6 27 286 61 23 60 71
0:59 115 290 6 97 359 93 15 51 239
0:14 30 27 15 17 28 115 23 71 286
1:115 27 286 15 28 23 17 30 12 59
0:0 1 2 3 4 5 6 7 8 9
0:14 71 30 15 27 28 59 17 47 23
0:0 1 2 3 4 5 6 7 8 9
0:71 30 14 15 27 59 17 115 61 23
0:14 17 30 27 71 28 15 23 70 286
0:14 28 30 71 17 27 15 70 23 47
1:6 27 30 115 23 286 61 15 17 71
0:17 14 28 30 27 115 23 286 71 15
0:14 30 71 17 15 27 28 23 138 70
0:71 14 17 115 30 27 28 15 23 286
0:6 2 115 59 60 61 314 15 7 39
0:115 6 2 59 61 60 23 286 15 27
0:0 1 2 3 4 5 6 7 8 9
0:71 59 30 14 15 27 61 17 23 115
0:14 30 71 28 27 17 15 23 115 47
0:30 14 71 27 15 17 23 61 115 59
0:115 6 286 27 23 15 61 59 60 17
0:898 359 901 521 41 59 405 428 297 2
0:14 30 71 27 15 17 61 23 138 28
0:14 30 71 15 59 27 115 17 61 23
0:14 30 71 15 59 27 61 17 115 23
0:14 17 28 27 30 71 286 23 115 70
0:14 17 30 71 27 28 70 23 138 15
0:71 14 15 30 27 28 115 17 47 59
0:115 15 27 30 23 286 59 17 61 71
0:115 6 59 27 15 23 30 286 61 60
1:115 6 59 286 23 27 15 12 54 61
0:115 6 23 286 27 30 17 61 15 12
0:59 15 115 71 27 30 61 14 23 286
0:17 30 27 23 14 115 286 6 61 15
0:14 30 28 17 71 27 15 23 286 47
0:59 30 15 14 27 71 61 115 60 23
0:30 14 115 27 15 17 23 61 286 71
0:30 27 71 28 17 23 14 115 286 15
0:27 115 15 30 14 17 23 71 59 28
0:115 59 15 286 27 6 23 61 30 60
2:115 28 27 286 23 17 30 15 71 14
0:14 30 27 15 71 17 59 115 23 28
0:14 30 17 71 28 70 27 8 138 15
0:6 115 23 61 286 30 17 27 2 60
2:30 71 27 14 15 61 6 59 23 115
0:115 27 30 23 15 17 286 6 61 71
0:14 30 17 27 28 71 23 15 286 115
0:28 71 30 14 27 17 15 23 47 115
0:6 2 115 59 314 60 61 39 23 54
0:14 28 71 115 30 17 15 27 23 286
0:59 71 916 290 15 97 102 48 239 45
0:17 28 23 286 27 115 30 14 6 70
1:6 59 115 61 2 15 27 12 60 286
0:0 1 2 3 4 5 6 7 8 9
0:0 1 2 3 4 5 6 7 8 9
0:14 17 30 71 28 27 115 15 23 70
0:14 17 28 30 27 71 286 23 115 15
0:14 30 27 28 17 71 15 115 23 286
0:0 1 2 3 4 5 6 7 8 9
0:30 59 15 27 14 71 61 115 23 6
0:115 6 23 286 27 61 15 17 30 60
1:14 28 30 71 27 17 15 23 286 115
0:0 1 2 3 4 5 6 7 8 9
2:14 30 71 17 27 15 23 61 28 138
0:0 1 2 3 4 5 6 7 8 9
0:115 6 59 93 51 314 54 286 12 938
0:41 428 359 957 901 898 1324 405 314 526
0:115 27 15 286 59 23 30 71 61 17
0:59 115 15 6 60 61 71 97 27 239
0:14 30 17 71 27 28 15 115 23 286
0:14 30 71 17 15 27 115 23 286 28
0:30 14 71 27 15 59 61 17 23 6
0:115 6 59 2 286 61 60 23 15 54
0:115 6 286 23 2 61 27 39 53 60
0:30 15 27 14 115 23 71 17 61 286
0:0 1 2 3 4 5 6 7 8 9
0:0 1 2 3 4 5 6 7 8 9
0:115 15 27 59 286 30 23 28 71 12
0:59 97 290 102 71 12 239 6 45 15
0:59 93 6 12 28 71 938 952 927 239
0:0 1 2 3 4 5 6 7 8 9
0:14 30 71 17 27 28 15 23 286 115
0:0 1 2 3 4 5 6 7 8 9
1:14 30 27 15 71 115 17 28 23 59
0:14 71 30 27 15 17 28 115 23 59
0:14 30 71 27 17 15 28 23 115 61
0:59 15 30 61 71 6 27 115 60 14
0:14 30 17 27 71 15 23 61 286 115
0:14 17 30 28 71 27 15 115 70 23
0:0 1 2 3 4 5 6 7 8 9
0:14 30 71 17 27 15 28 115 23 286
0:0 1 2 3 4 5 6 7 8 9
0:0 1 2 3 4 5 6 7 8 9
0:59 115 6 15 60 61 30 71 2 27
0:6 115 59 61 27 23 15 30 286 60
0:30 115 27 15 71 23 61 17 14 6
0:115 17 6 286 23 27 61 53 30 60
0:14 71 15 30 27 17 59 61 115 28
0:115 286 6 23 27 17 53 61 15 30
0:59 71 115 6 15 61 30 60 27 23
0:6 115 2 61 60 15 30 23 27 286
0:28 115 27 286 71 23 17 30 15 14
1:30 27 71 15 14 115 59 17 23 28
0:0 1 2 3 4 5 6 7 8 9
0:14 30 71 17 28 27 15 70 47 23
0:14 30 71 28 17 27 15 47 23 70
0:0 1 2 3 4 5 6 7 8 9
0:17 115 30 27 14 286 23 15 28 71
0:0 1 2 3 4 5 6 7 8 9
0:30 14 27 71 28 17 15 23 115 286
0:115 59 15 6 61 60 27 30 23 286
0:59 15 30 71 115 61 27 60 14 6
0:14 71 15 30 59 27 61 60 17 115
0:115 6 15 286 23 27 61 59 30 60
0:115 27 15 6 286 59 23 61 30 71
0:6 59 115 61 60 2 15 30 23 27
0:0 1 2 3 4 5 6 7 8 9
0:14 71 30 28 15 17 27 47 138 70
0:27 115 30 17 23 28 71 286 14 15
0:14 30 71 8 17 28 70 27 138 47
0:30 14 27 17 28 23 115 71 15 286
0:14 71 30 28 27 17 15 47 23 115
0:14 30 71 17 27 15 28 23 70 115
0:15 59 14 115 71 27 30 61 23 286
0:115 286 23 6 17 27 61 15 53 30
0:0 1 2 3 4 5 6 7 8 9
0:0 1 2 3 4 5 6 7 8 9
0:14 30 71 17 8 15 27 28 70 138
1:6 115 51 314 54 286 23 12 952 59
0:0 1 2 3 4 5 6 7 8 9
0:14 30 17 71 27 15 23 28 115 286
0:0 1 2 3 4 5 6 7 8 9
0:30 14 27 71 28 17 15 23 61 286
1:14 30 15 27 17 71 115 23 286 61
0:59 15 115 71 27 61 30 6 60 286
0:115 286 27 23 6 15 59 30 17 61
0:0 1 2 3 4 5 6 7 8 9
0:115 6 59 314 51 2 93 239 54 286
0:30 14 71 27 61 15 17 6 23 59
0:115 28 286 27 23 71 17 15 30 59
0:17 14 30 27 28 115 71 23 286 15
1:59 6 115 2 314 60 61 15 359 239
2:115 59 6 286 27 15 23 12 61 54
0:17 14 28 27 30 115 23 70 286 15
0:115 59 6 15 61 27 60 286 23 12
0:59 15 115 71 27 60 61 30 6 12
0:14 30 15 115 27 61 17 23 71 286
0:115 59 15 61 30 6 60 27 71 23
0:6 115 314 59 2 405 51 359 957 286
0:14 30 17 71 27 15 23 28 70 115
0:6 115 2 59 61 60 23 15 27 286
0:0 1 2 3 4 5 6 7 8 9
0:0 1 2 3 4 5 6 7 8 9
0:0 1 2 3 4 5 6 7 8 9
0:115 6 286 23 61 2 27 60 15 17
0:14 30 71 15 59 27 17 61 60 115
0:14 71 30 59 15 27 17 60 61 47
0:14 30 27 71 15 17 23 28 61 286
0:14 30 27 15 17 115 71 23 286 61
0:14 8 17 70 30 28 71 138 27 43
0:115 286 23 27 6 17 30 28 61 53
0:115 6 23 27 286 17 30 61 15 60
0:71 14 30 28 27 15 17 23 47 61
0:115 17 286 27 23 30 14 15 28 61
1:59 15 71 97 30 14 60 115 27 61
0:59 15 71 115 60 30 14 97 61 27
0:71 30 59 15 27 28 14 115 23 17
0:14 30 71 27 28 17 15 23 115 286
0:71 14 15 30 27 28 17 115 23 286
0:30 14 71 27 17 15 28 23 59 61
0:115 27 17 30 15 23 71 28 286 14
0:0 1 2 3 4 5 6 7 8 9
0:71 30 14 15 27 17 61 59 115 23
0:28 17 71 27 30 23 286 14 115 47
1:14 30 17 28 27 71 15 23 286 70
0:14 30 71 27 15 17 23 115 61 286
0:14 30 71 27 28 15 17 23 115 61
0:59 71 15 30 14 97 27 61 60 12
0:14 71 30 15 27 28 59 17 115 47
2:17 30 286 23 115 27 14 28 71 61
0:115 17 30 27 23 286 14 6 15 28
0:14 30 71 15 27 17 59 28 23 115
0:30 71 28 14 27 15 17 115 23 286
0:30 14 27 17 15 115 71 23 286 61
0:0 1 2 3 4 5 6 7 8 9
0:115 6 30 27 23 17 61 286 15 60
0:14 30 71 27 17 15 28 23 115 47
0:17 14 30 27 115 23 286 15 28 71
0:0 1 2 3 4 5 6 7 8 9
0:115 6 286 23 27 54 12 61 17 53
0:59 115 6 15 61 60 12 27 286 23
0:115 286 6 59 23 27 15 61 30 12
0:14 30 17 71 27 15 23 28 70 286
0:59 71 15 115 30 27 61 28 23 14
0:0 1 2 3 4 5 6 7 8 9
0:115 27 23 17 286 30 6 15 61 71
0:30 14 27 71 17 28 115 15 23 286
0:28 30 27 59 115 23 71 286 12 15
0:30 115 14 17 71 27 15 23 286 61
0:59 15 115 61 6 27 71 30 60 23
0:30 14 27 17 28 23 71 15 286 115
0:71 59 14 15 30 97 60 61 145 46
0:0 1 2 3 4 5 6 7 8 9
0:14 71 30 17 15 28 27 70 47 138
1:14 71 30 28 27 17 15 47 138 8
0:115 6 286 23 27 59 15 12 61 54
1:14 30 71 17 27 15 28 23 47 70
0:30 115 27 15 61 23 6 59 17 71
0:115 30 27 23 15 17 6 61 286 14
0:14 28 30 71 17 27 15 23 70 47
0:14 17 30 27 28 23 286 115 71 15
0:14 17 30 70 28 71 27 23 8 138
0:30 27 14 15 115 71 17 23 28 286
0:115 15 286 59 27 23 71 6 61 30
0:14 71 30 15 27 59 17 61 115 60
0:14 30 17 71 27 28 15 23 115 286
0:14 30 71 17 27 15 28 23 61 115
0:6 115 2 61 286 23 15 60 27 59
1:14 30 17 27 71 15 23 28 115 61
1:30 14 71 15 27 115 17 59 23 61
0:59 15 71 30 60 61 14 97 115 27
0:6 115 27 30 59 23 61 286 15 12
0:59 15 71 14 30 27 115 61 60 17
0:14 71 30 27 15 28 17 23 61 47
0:14 30 71 17 28 27 70 8 15 138
0:0 1 2 3 4 5 6 7 8 9
0:14 17 30 70 8 28 71 27 138 23
0:115 286 27 23 15 17 30 71 61 28
0:14 30 71 17 28 27 15 23 70 47
0:17 115 23 286 27 30 14 28 15 61
0:30 71 15 14 59 27 115 17 61 23
0:30 27 115 17 14 71 15 23 28 286
0:115 6 286 23 15 27 61 2 59 60
0:14 30 71 15 27 17 115 23 28 61
0:28 17 27 30 71 23 14 286 47 115
0:59 71 15 30 14 97 27 61 60 12
0:59 2 6 314 61 405 359 122 239 60
0:952 449 6 313 12 54 23 28 17 314
0:14 30 71 17 28 27 15 23 70 47
0:0 1 2 3 4 5 6 7 8 9
0:30 59 71 15 27 14 115 23 28 61
0:0 1 2 3 4 5 6 7 8 9
0:30 14 15 59 71 27 115 61 17 23
0:115 28 17 27 286 30 23 71 14 15
0:115 6 59 15 61 30 27 23 60 286
0:115 6 286 61 23 2 60 27 15 59
0:27 30 17 28 23 14 115 286 71 15
1:115 27 23 286 30 6 15 17 61 71
0:14 17 30 27 71 28 23 115 15 286
0:28 71 14 30 17 27 47 23 286 115
0:30 14 27 71 17 28 115 15 23 286
0:115 286 23 27 6 17 30 61 15 28
0:14 30 71 15 17 27 115 23 61 60
0:59 115 15 6 27 61 60 30 71 23
2:14 30 71 15 27 59 17 28 23 61
0:71 30 14 28 27 17 15 23 115 59
0:14 71 30 15 27 17 28 59 23 115
0:0 1 2 3 4 5 6 7 8 9
0:14 28 71 30 17 27 15 47 70 8
0:6 314 115 405 39 2 240 957 359 1324
0:115 51 286 93 6 54 27 23 15 59
0:115 27 15 30 14 17 286 71 23 61
0:6 59 2 115 61 60 15 30 27 23
0:0 1 2 3 4 5 6 7 8 9
0:14 30 71 15 27 59 61 17 115 23
0:59 71 15 30 27 14 115 61 60 23
0:115 30 15 71 27 23 59 6 61 286
0:115 6 59 15 286 61 23 27 12 60
0:0 1 2 3 4 5 6 7 8 9
1:115 59 6 15 27 286 61 23 60 12
1:27 30 115 17 14 15 23 286 71 28
0:14 28 71 30 17 27 15 47 70 8
0:14 30 17 27 28 286 23 115 15 71
0:59 71 30 12 61 6 15 46 14 27
0:313 952 449 1377 85 6 1354 64 1477 540
0:115 15 27 286 30 23 6 59 61 17
0:28 17 71 27 115 30 286 23 14 15
1:14 71 30 15 59 27 17 61 60 23
0:59 115 15 6 60 61 71 27 23 2
1:59 115 6 15 12 61 60 27 286 54
0:6 115 286 23 39 2 61 27 314 53
0:14 27 71 30 17 28 15 115 286 23
0:115 27 23 30 286 15 6 17 61 14
0:14 30 27 15 71 17 28 115 23 286
0:14 28 17 27 30 286 71 23 115 15
0:71 14 30 28 15 59 27 17 47 138
0:115 17 23 30 27 286 15 6 14 61
0:14 30 71 27 17 15 28 23 47 286
0:115 6 286 23 17 27 54 51 53 61
0:14 71 30 15 59 17 27 61 115 60
0:115 59 6 15 60 61 23 27 286 71
1:14 30 17 71 8 70 28 27 138 23
0:14 28 71 17 30 27 43 70 8 47
0:14 30 71 17 27 15 28 23 115 286
1:59 6 115 15 61 27 30 60 12 71
0:14 17 30 71 27 28 15 23 70 115
1:115 27 30 71 17 14 15 23 286 28
0:0 1 2 3 4 5 6 7 8 9
